1,Odit ad,63,58,36,189,27,174,190,140,23,152
2,Fiesta,56,60,130,155
3,Club de lectura,108,57,115,151,72,2,195,41,179,109,88,40,56,196,87,27,24,98,25
4,Música y karaoke,12,187,118,138,32,97,21,142,76,161
5,Eius dolore qui,50,181,18,12,170,59,198,75,21,60,26,98,72,117,163,94,42,95,91,54
6,Perspiciatis tempora,137,187,63,42,119,98,70
7,Assumenda in,197,199,15,59,9,81,103,69,17,55,146,184
8,Plan de estudios,102,165,118,37,68,36,64,191,144,138,192,150,110,103,93,57,131
9,Organización de matrimonio,29,40,161
10,Voluntariado,153,17,99,98,120,136,65,142,3,175,185,30,138,193,69
11,Adipisci dolor magnam,76,112,41,117,1
12,Ad dicta officiis,196,46,130,28,161,77,164,156,51,40,96,42,139,200,136,1,154,83
13,Viaje,79,62,15,146,21,22,188,125,18,195,137,197,33
14,Club de ciencia,43,68,136,156,109,55,139,194,187,177,52,183,80,103,172,167,96,113,133
15,Práctica deportiva,17,87,6,151,142,59,57,2,19
16,Molestias dolore,18,9,85,19,132,61,72,172,125
17,Clases particulares,148,122,63,105,49,25,169,111,91,109,106,120,187,14,173,168,166,26,16,104
18,Nihil repellat,50,49,138,115,36,109,47,72,119
19,Cumpleaños,141,26,13,167,139,4,24,193,61,43,105,125,124,55,103,16
20,Grupo de estudio,68,117,74,109,179,188,143,170,184,125,40,49,76,56
21,Ab rem,15,13,150,123,129,136,41,131,21,48,18,153
22,Práctica deportiva,31,146,64,149,153,11,159,21,108,169,150,145,134,81
23,Praesentium excepturi,62,68,102,34,172,166,77,118,81,193,19,3
24,Grupo de lectura,19,138,55,130,68
25,Música y karaoke,63,95,73,41
26,Viaje de negocios,157,168,136,3,171,142,77,170,27,35,68
27,Equipo de fútbol,40,70,73,155,54,184,88,53,176,163,68,130,126,65,14,24,109,71,12
28,Club de fotografía,164,68,42,190,114,142
29,Culpa vero,20,177,39,140,10
30,Excepturi at,33,11,79,94,92,54,175,64,171,27,91,200,144,105,159
31,Atque sed,46,106,7,189,86,172,64
32,Noche de juegos,98,10,121,57,52
33,Nobis rem quas,79,59,58,7,169,50,103,85,72,18,198,90,165
34,Modi voluptate fugiat,30,67
35,Gaming squad,28,153,112
36,Noche de juegos,112,156,131,30,99,148,49,66,12,182,1,134
37,Mollitia repudiandae,111,18,171,85,160,81,170,32,185,77,130,80,105
38,Equipo de básquetbol,142,33,50,108,171,98,174,192,45,158,146
39,Cine y series,78,74
40,Noche de juegos,156,168,83,120,114,173,55,131,122,189,44,169,22,73,132,170,163,159,86,24
41,Nulla similique,58,51,38,7,12,63,122,157,197,19,117
42,Práctica de baile,50,184,179,99,127,103,63,38,168,177,2,193,198,28,200,109,57,46,133,119
43,Práctica deportiva,117,35,119,171,136
44,Neque provident aliquid,157,185,130,110,141,115,41,191,122,116,67,193,64,164,71,197
45,Dolorem enim aspernatur,71,113,20,183,74,61,70,86,82
46,Doloremque aut,39,60,99,178,40,181
47,Torneo de videojuegos,85,139,120,107,16,53,108,100,198,150,179,6,196,148,98
48,Música y karaoke,193,100,108,138,192,189,140,155,57,125,70
49,Fiesta,87,172,174,104,186,43,120,33,160,137,7,101,152,145
50,Eius odio,35,119,47,13,67,98,84,55,117,87,195,72,193,108,65
